# 0 - file name
# 1 to 3 - low vector (cMpc/h)
# 4 to 6 - span vector (cMpc/h)
sheet000.gup   62.3286    3.0828    1.9678    8.0545    7.8329    7.7465
sheet100.gup    1.0270    4.8647    5.1811    7.8739    6.0969   17.0509
sheet200.gup    2.1312    1.8165   15.6497    6.8873    7.9002   11.4510
sheet300.gup   60.7652   59.8491   16.0999   12.9430   11.4551   18.8377
sheet400.gup   59.9421   58.9543   24.5092   10.7076   11.2414   11.7255
sheet500.gup   58.6022   56.2243   32.6513   15.8901   18.3260   14.3559
sheet600.gup   60.4018   55.5693   39.8072   16.4426   18.8704   21.8932
sheet700.gup   61.1913   60.8778   54.2052   12.2774   12.8162   18.1983
sheet010.gup    0.6949    6.9007    3.4672    5.5742    3.7577    6.4710
sheet110.gup    1.3804    4.1029    5.4940    5.7719   10.2949   16.1997
sheet210.gup   62.4374    3.6579   11.1758    8.4361   10.0678   13.4210
sheet310.gup   56.7339    3.5422   16.2366   16.0161   11.0472   17.3390
sheet410.gup   58.0986    3.3181   24.9900   14.4791   16.4490   16.2980
sheet510.gup   59.5905    5.8362   35.4656   12.4046   14.5501   11.1754
sheet610.gup   58.8044    6.1537   41.2961   17.7411   14.0491   20.2229
sheet710.gup   59.0959    6.8070   52.2672   13.5220    9.1014   20.0321
sheet020.gup   57.5610    7.1059   60.1753   13.0530   10.3576   16.9640
sheet120.gup    1.5825    7.4872    5.6932    7.5719   12.9260   13.4178
sheet220.gup   61.9809    4.8755   11.1848   10.8890   18.4716   14.1096
sheet320.gup   56.6554    7.2918   19.3126   16.4303   16.2358   18.1591
sheet420.gup   57.4997   11.3327   27.6772   15.1115   11.6324   16.0335
sheet520.gup   59.7239   13.0685   37.6089   10.1959   10.0394    9.8892
sheet620.gup   59.0630   10.6090   41.2171   11.3964    9.8548   13.6373
sheet720.gup   57.0535    7.4022   46.7690   15.3625   12.8088   24.9961
sheet030.gup   57.0018   11.4654   58.1639   15.4524   16.3039   18.0706
sheet130.gup    1.5313   10.3901    9.0965   10.3414   20.1035   11.3782
sheet230.gup    0.7611   13.2231   13.5228   11.2688   18.0385   11.8077
sheet330.gup   61.4558   16.4479   18.7924   12.9916   16.8460   18.6858
sheet430.gup   59.6980   16.4816   29.6643   12.8261   16.8209   14.5023
sheet530.gup   58.1353   17.9774   39.2797   11.4249   12.5008    6.5920
sheet630.gup   56.7255   17.1668   40.5272   11.1152   13.0800   12.2316
sheet730.gup   56.3609   13.5849   45.3382   14.8844   16.8456   21.4015
sheet040.gup   59.5120   20.7407   59.4657   13.9620   21.9638   19.3672
sheet140.gup   62.2183   20.8153    8.1038   13.0609   19.6328   15.2545
sheet240.gup    2.3450   23.8676   18.4083   11.9447   18.3100    8.0604
sheet340.gup    2.2638   27.0606   20.2948   11.5496   19.8579   16.2687
sheet440.gup   60.2107   25.5427   30.1607   13.6540   27.6275   13.9026
sheet540.gup   58.0670   24.3851   36.9103   11.0722   28.8531    9.0554
sheet640.gup   56.3572   24.1033   36.9752   12.0205   24.1900   14.4259
sheet740.gup   56.2493   25.4160   46.0126   14.2065   15.8304   16.7984
sheet050.gup   57.4959   36.5235   60.5375   13.8710   19.2282   15.5388
sheet150.gup   60.9524   31.3809    6.8913   13.9329   22.3776   16.3942
sheet250.gup    1.1401   31.3003   16.0982   11.2628   20.2282   16.9566
sheet350.gup    1.5337   39.0688   24.9768   11.3376   14.9572   15.0023
sheet450.gup   61.1620   43.2402   33.2711   12.5581   12.1358    7.1840
sheet550.gup   61.3154   40.3726   35.6619    7.8088   15.1930    5.0842
sheet650.gup   58.6020   35.9725   35.7496    9.7649   19.2887   12.8145
sheet750.gup   57.7028   35.2849   43.0887   10.6613   20.3871   21.4500
sheet060.gup   58.4901   49.6900   59.9002   13.2049   14.6059   12.9793
sheet160.gup   59.3570   43.7314    4.8326   12.4888   21.8709   14.9810
sheet260.gup   59.5302   43.4156   13.2435   12.9797   24.1090   20.0131
sheet360.gup    0.6592   46.2233   27.9653    7.4312   16.6901   12.5610
sheet460.gup   62.3009   46.5812   34.0634    8.1613   10.4536    7.5976
sheet560.gup    1.1685   49.3069   35.8069    3.8131    4.0285    3.7990
sheet660.gup   61.2361   48.5477   35.6995    6.5634   10.8362   18.2123
sheet760.gup   59.8496   51.5515   42.3740   11.7397   12.0107   22.3851
sheet070.gup   62.1487   57.4250   60.7650    9.3408   15.7569   12.2334
sheet170.gup   59.6391   57.8239    5.0367   11.7972   15.2871   16.8304
sheet270.gup   59.8424   59.5217   15.1638   12.3385   12.2400   17.3202
sheet370.gup   60.5654   53.1034   21.0907   13.1517   14.7054   15.7354
sheet470.gup   59.7528   48.3827   27.5836    9.3984   15.0188   13.9849
sheet570.gup   60.0672   47.9999   32.8404   11.5081   14.7753   12.9922
sheet670.gup   60.5143   49.1168   35.5430   12.7792   16.5922   22.8802
sheet770.gup   61.3726   55.0394   46.4594   10.1843   14.5085   20.7445
sheet001.gup    1.3262    1.4515   58.3925    9.2013    9.3777   14.5511
sheet101.gup    1.5078    2.0950    3.7131    9.9339    8.8217   18.3909
sheet201.gup    1.2322    1.8895   15.6249   11.3942    7.5724   11.6219
sheet301.gup    2.8069   60.6665   16.6001   11.1769   11.8978   14.6958
sheet401.gup    3.2117   59.3016   24.2582   12.5208   13.3331   13.8854
sheet501.gup    3.3802   59.0051   33.8703   11.4739   15.5503   18.3454
sheet601.gup    7.3991   61.7757   43.8008    7.1608   10.0245   16.3496
sheet701.gup    1.5900    1.3958   50.7328   12.9942    9.2810   21.6723
sheet011.gup    1.3543    6.8048   59.4105   11.9436    6.4147   16.0118
sheet111.gup    1.3810    4.2314    5.3262    7.9177   10.9884   16.7916
sheet211.gup    2.3085    3.6067   12.3317   11.4516   10.6280   16.5152
sheet311.gup    2.9436    3.2590   15.7623   14.4990   13.4876   15.3644
sheet411.gup    3.7219    3.6497   24.9820   14.9097   12.8806   15.9715
sheet511.gup    2.3012    4.3266   34.4538   15.7750   14.1778   17.3860
sheet611.gup    5.7710    4.9810   42.5537   11.7916    9.7549   18.7357
sheet711.gup    1.5131    5.8391   51.0478   12.4314    6.3529   21.0549
sheet021.gup    1.5032    7.3317   62.1303   13.3519   16.7438   13.8479
sheet121.gup    1.8836    8.1302    5.7127   12.2435   15.9125   14.3281
sheet221.gup    3.0716    5.0962   11.1536   14.6471   20.3582   18.1635
sheet321.gup    5.8779    8.0611   21.4635   12.1781   17.3266    9.7709
sheet421.gup    0.4571   11.1612   26.0481   18.8565   10.9785   17.1979
sheet521.gup   62.1281   11.2944   34.8245   19.4829   10.3566   13.2470
sheet621.gup    1.0645    9.8840   41.7752   17.7364   10.2343   14.2847
sheet721.gup    4.5772    7.0415   49.8465   12.6970   10.5145   18.6874
sheet031.gup    5.0540   13.5966   61.0456   11.6616   14.4043   16.7649
sheet131.gup    6.8670   15.4146    9.6143   10.1990   16.6823   13.0460
sheet231.gup    7.3843   20.4316   15.1925   10.3218   12.3544   12.8433
sheet331.gup    6.4589   17.7380   20.4835   11.5200   15.4180   10.8037
sheet431.gup    4.0566   16.9455   25.1328   14.3665   16.2341   17.2840
sheet531.gup    0.5071   17.9250   34.9536   18.1007   13.3158    9.7040
sheet631.gup    0.7619   15.6307   40.3034   17.8876   13.0302   13.6099
sheet731.gup    3.0257   12.4303   47.0468   14.4562   17.0487   20.6712
sheet041.gup    5.4972   23.2422   60.4246   11.8430   17.6709   20.9653
sheet141.gup    8.7410   22.8272   10.8459    7.8877   16.9709   12.6398
sheet241.gup    8.5872   26.4771   18.5159    7.2061   13.7405   11.2612
sheet341.gup    8.2366   27.6116   20.1854    7.6790   18.0173   15.1809
sheet441.gup    2.4663   27.9574   26.6832   13.7697   23.5635   13.0077
sheet541.gup    1.3151   25.2376   32.3887   14.4668   28.0158   11.0569
sheet641.gup    2.4082   25.0424   36.3335   14.4559   24.0337   16.3984
sheet741.gup    2.2427   24.5629   48.1879   16.3605   15.4989   17.3365
sheet051.gup    3.4359   33.2998   61.0107   11.3573   24.2798   18.1548
sheet151.gup    6.3485   31.2447   10.0515    7.0737   22.6765   13.1172
sheet251.gup    7.0927   30.8544   17.2233    7.3940   16.5597   13.8352
sheet351.gup    6.0730   37.9563   26.9527    7.9660   11.8991   10.3460
sheet451.gup   61.4568   41.9722   32.6236   14.5255   12.4365    7.4389
sheet551.gup   61.4742   42.2579   32.9772   11.7327   12.6517    7.6777
sheet651.gup   62.3372   34.9734   35.6420   16.0512   19.7455   15.1126
sheet751.gup    1.4281   34.1855   46.0020   14.7151   22.0922   19.6713
sheet061.gup    4.6989   51.0115   60.6395    7.8147   12.4591   12.9159
sheet161.gup    6.2609   42.2239    4.9310    7.2009   20.5675   16.9627
sheet261.gup    5.4996   42.3291   14.2851    8.7530   21.7109   17.4894
sheet361.gup    1.6887   44.5720   27.4444   11.8304   16.1860   13.0633
sheet461.gup    0.1182   45.4452   32.6126   15.2182   12.6515    8.3551
sheet561.gup   62.0544   45.6630   33.3696   15.5320   13.8087    8.8263
sheet661.gup   61.7505   48.7195   35.4846   13.0604   14.1530   21.9012
sheet761.gup    0.8200   51.8352   46.5727   11.2294   11.8409   19.2850
sheet071.gup    2.3443   56.7074   60.4937    9.0644   16.5765   10.5107
sheet171.gup    2.3280   56.7681    3.5204    9.9846   16.5101   18.6002
sheet271.gup    1.7673   59.2976   16.5908   10.7968   12.4664   13.1841
sheet371.gup    3.2007   52.5984   24.0286   12.1354   15.2440   11.8194
sheet471.gup    1.6169   50.6445   27.7987   14.0420   13.3442   12.9474
sheet571.gup   62.1896   48.6248   34.0317   15.4070   18.4830   13.0409
sheet671.gup    1.2840   49.2823   35.7297   13.5570   20.7208   22.7958
sheet771.gup    2.4598   58.5483   51.5209   12.1237   11.9085   16.2002
sheet002.gup    2.3347    0.9195   59.1388   28.0388   10.9536   13.8958
sheet102.gup    1.6065    1.1449    3.3765   18.6356    8.9997   18.4481
sheet202.gup    1.2206    0.8456   15.7783   20.6189    8.4896   13.7789
sheet302.gup    8.3331   59.4384   24.3638   14.9291   15.0943    9.9434
sheet402.gup   10.5344   56.2394   26.1878   13.7389   20.0722   13.4569
sheet502.gup   11.5378   58.7781   35.6143   14.4764   15.7743   16.5405
sheet602.gup   10.4251    2.3880   43.8771   15.8077    9.5179   10.2752
sheet702.gup    7.0115    1.0996   49.5124   23.5937   10.8368   16.1933
sheet012.gup    2.0944    7.7419   58.6600   26.1447    7.5770   15.6197
sheet112.gup    3.0351    4.6272    3.3447   19.4560   11.1036   18.1022
sheet212.gup    2.2902    3.0954   14.5577   19.5763   12.4695   16.5888
sheet312.gup   10.1163    3.1004   24.7248   16.1168   14.2845   10.7677
sheet412.gup   13.5376    8.5851   28.3148   14.2037    9.3188   11.0807
sheet512.gup   12.2577    6.0156   33.0833   16.7614   11.0746   18.4597
sheet612.gup   10.6389    5.7388   45.5512   19.6518    9.1671    9.3443
sheet712.gup    6.5618    5.6454   48.1768   23.4007    9.6751   16.3427
sheet022.gup    6.0176   11.9894   60.3330   17.9578   12.5456   15.0947
sheet122.gup    4.1199    9.3127    3.3661   18.5227   17.1821   14.7000
sheet222.gup    6.3038    9.6507   13.7124   17.4563   17.4988   17.5082
sheet322.gup   11.8164   12.5153   25.0397   15.0810   13.0895   10.5119
sheet422.gup   13.1323   11.5604   25.9219   18.3110   12.7648   11.7543
sheet522.gup   14.0742   10.7306   33.0779   18.1078   10.5710   14.9564
sheet622.gup   10.7927    9.6791   43.1245   21.7176   10.5351   11.9902
sheet722.gup   10.4463    9.7610   48.2974   19.4255   10.0160   17.2950
sheet032.gup   11.3568   15.2329   60.8309   12.4154   12.4513   16.7068
sheet132.gup   10.1620   20.9154    7.4098   10.9447   10.8476   14.9878
sheet232.gup    9.3064   22.2472   13.3215   12.1761   10.0534   15.1503
sheet332.gup   13.0399   19.3319   21.5686   12.6382   13.2429   10.8439
sheet432.gup   13.5766   17.6474   25.8674   17.3587   15.5264   12.2777
sheet532.gup   11.7780   17.7401   34.7425   19.8002   14.4079   11.8977
sheet632.gup   13.6009   16.9634   41.3039   16.2695   11.1168   12.8094
sheet732.gup   11.6525   13.9323   49.9725   16.7427   14.1286   16.3353
sheet042.gup   11.6785   23.4540    1.1412   13.9300   16.1619   14.2930
sheet142.gup   10.6210   22.4357    9.5534   14.1231   13.2738   13.6874
sheet242.gup   10.7244   27.3707   18.9305   10.5440   12.7857   10.3694
sheet342.gup   11.5507   26.8727   20.5161   15.7180   15.3889   13.8217
sheet442.gup    8.1379   27.8719   28.4205   21.0318   18.5603    8.1862
sheet542.gup    7.8331   24.6462   31.0217   22.4337   22.0186   12.5125
sheet642.gup    7.7895   23.3183   38.5281   22.1290   19.6423   15.4666
sheet742.gup   13.6252   24.1225   50.2947   13.4949   15.4316   16.7569
sheet052.gup   10.3607   31.8622   61.2454   15.0779   21.9593   14.7875
sheet152.gup    9.0476   30.1253    8.8861   15.8794   22.1924   16.1074
sheet252.gup   10.8930   30.5271   19.8277   10.2840   17.4715   10.2693
sheet352.gup    6.5754   36.3560   25.4790   18.1895   18.1658   11.5201
sheet452.gup    6.5534   33.9599   30.9435   20.1387   20.6203    6.7896
sheet552.gup    3.1454   33.9505   30.9142   23.6366   18.0392   10.4986
sheet652.gup    3.2141   33.9045   36.1732   22.4050   20.0943   17.5381
sheet752.gup   10.2864   32.2009   48.8961   14.4034   23.3887   16.5447
sheet062.gup    6.1268   48.4084   59.8535   16.2110   15.9992   15.0532
sheet162.gup    7.0078   45.0168    5.2391   18.0847   17.4700   17.9322
sheet262.gup   10.7029   43.4141   18.8471   12.4145   18.5582   11.4358
sheet362.gup    7.5347   44.7432   25.3591   14.7372   15.2611   10.6938
sheet462.gup    6.9377   46.4993   31.7224   17.5005   12.8907    5.4287
sheet562.gup    6.4767   46.5471   31.7336   17.6976   13.3639   11.3107
sheet662.gup    6.0244   49.7805   36.5148   18.2625   15.3398   19.4044
sheet762.gup    7.2268   49.6435   49.4692   17.4268   15.5588   15.4167
sheet072.gup    6.4018   56.7973   58.8268   18.8584   11.2953   13.0754
sheet172.gup    4.5885   56.8659    3.1513   19.8429   13.6360   19.1096
sheet272.gup    4.2053   55.0888   17.5026   20.0302   15.5723   13.4311
sheet372.gup    8.6918   53.0731   24.2972   13.1983   14.5386   11.1591
sheet472.gup   10.0576   54.6313   27.9078   10.9686    8.3722   10.5001
sheet572.gup   10.1022   55.5577   32.5593   14.4672   13.8956   14.4151
sheet672.gup    8.8269   56.1308   38.4510   15.9474   13.9693   16.9122
sheet772.gup    7.1711   60.3545   51.6775   16.8504    7.8694   13.5803
sheet003.gup   18.0515    1.7765   57.1682   18.3138   10.4036   14.0190
sheet103.gup   17.2059   60.4715    0.0918   17.5621   12.5995   23.1236
sheet203.gup   17.3883   60.7223   18.1664   15.3373   12.8860   12.5009
sheet303.gup   16.9836    0.0864   26.3710   15.3997   11.4184    7.3115
sheet403.gup   19.3963   58.4691   28.8943   17.0790   19.4800   11.9979
sheet503.gup   21.1778    0.0241   36.3492   15.1151   14.7701   14.6812
sheet603.gup   19.1039    3.3027   42.2990   13.5794    9.4727   13.6867
sheet703.gup   19.0612    2.9526   49.7871   16.6934    9.5613   12.8561
sheet013.gup   18.5895    4.9714   56.6523   14.1046   10.6937   13.1615
sheet113.gup   17.7686    7.3814   61.9544   17.5756   11.2950   22.7197
sheet213.gup   16.7451    4.0556   16.4952   19.7669   15.6866   14.6860
sheet313.gup   16.2006    4.1286   26.5946   18.1204   17.4479   10.8752
sheet413.gup   19.9606    7.2487   31.7774   12.3584   13.1009    8.2097
sheet513.gup   22.1569    9.1527   34.5379   13.0885   10.5213   16.4514
sheet613.gup   22.3102    8.4874   44.8279   12.3630    8.7068    9.4595
sheet713.gup   22.3724    6.0110   47.6268   12.8756   10.1939   13.9634
sheet023.gup   17.5263   10.3236   55.2977   17.6142   11.5772   16.0547
sheet123.gup   16.0591   13.8042    3.9063   20.0493   12.0245   17.5287
sheet223.gup   17.5868   14.0545   16.4590   21.4852   11.2799   16.3501
sheet323.gup   17.5762   14.8444   27.4582   17.9279    9.0918    9.9934
sheet423.gup   23.4529   15.9748   31.4307   10.3893    5.3934    5.8594
sheet523.gup   26.2905   12.6823   34.2031   10.6129    9.7042   14.8610
sheet623.gup   26.1580   11.9985   43.4071   13.5680   10.1647    8.2547
sheet723.gup   21.4810   10.1767   46.4077   18.2770   12.6102   15.8327
sheet033.gup   14.6185   15.9151   50.4975   25.3211   13.1558   25.0277
sheet133.gup   14.4851   19.0687    5.1074   20.8671   12.2581   16.4679
sheet233.gup   15.3301   19.6286   15.2684   21.4905   11.9978   17.2196
sheet333.gup   17.7980   18.5208   24.5422   18.5424   13.8655   12.0938
sheet433.gup   22.8236   17.5140   30.5121   11.9318   15.0766    9.3354
sheet533.gup   26.5582   17.7525   34.4911   10.4375   13.8542   14.1359
sheet633.gup   24.9720   15.9372   40.6622   15.8285    9.8293   12.4609
sheet733.gup   21.8311   15.3542   46.5258   19.4579   11.5001   18.2462
sheet043.gup   17.8740   22.0100   51.7197   20.8799   14.6768   22.8321
sheet143.gup   14.7607   27.0346    6.8588   18.9681    9.0142   15.3471
sheet243.gup   14.3916   26.1101   17.9233   19.0974   13.7088   13.2084
sheet343.gup   18.1488   23.9112   25.6827   16.5989   21.2738   10.3415
sheet443.gup   23.1717   23.3460   31.4728    9.7035   21.8358    6.4718
sheet543.gup   23.4508   21.6221   31.9273   11.2226   14.8731   12.6586
sheet643.gup   22.2577   20.6238   39.3523   17.5078   14.6600   13.7879
sheet743.gup   20.4446   20.9124   49.8604   19.4633   15.8689   16.5964
sheet053.gup   20.2696   31.3781   58.6449   18.4161   20.7223   16.6027
sheet153.gup   16.1426   30.8238    7.5467   19.4506   21.1842   16.1819
sheet253.gup   17.2609   32.8253   17.9142   16.0380   17.6795   13.2165
sheet353.gup   18.2210   34.1709   26.6032   14.6113   18.2311    8.1985
sheet453.gup   19.9952   32.9301   31.2056   15.8239   21.0271    3.9176
sheet553.gup   19.1346   29.2896   31.3712   18.5525   22.8923   11.0455
sheet653.gup   20.4804   30.7871   39.0677   18.0856   24.1846   14.5750
sheet753.gup   20.8912   31.8748   49.4372   17.9554   20.9715   15.1756
sheet063.gup   18.7722   46.6464   58.8404   18.5133   21.3431   17.3070
sheet163.gup   20.1244   45.6624    7.7162   15.1546   16.8155   15.6774
sheet263.gup   17.6486   45.7576   17.9480   15.9605   13.7849   11.9448
sheet363.gup   17.6441   42.3899   26.3726   19.7726   16.9459    9.0058
sheet463.gup   16.8907   42.4590   31.4149   23.8347   15.6945    5.0267
sheet563.gup   18.1748   48.1775   32.2011   22.4229   10.4383   12.8011
sheet663.gup   19.8912   48.8720   38.7738   17.2329   15.9097   15.8359
sheet763.gup   18.2203   46.3650   46.7580   19.0085   21.3754   16.8543
sheet073.gup   18.0112   59.6024   59.3960   19.0162   10.7632   13.4574
sheet173.gup   17.9591   56.0749    3.2511   17.7575    9.7438   17.8885
sheet273.gup   17.7849   53.9265   17.0226   15.1758   14.2943   14.7555
sheet373.gup   15.9671   52.6375   27.2140   19.5950   14.9886    7.4039
sheet473.gup   15.4819   51.9609   29.6052   24.0413   14.0164   10.0422
sheet573.gup   15.5471   54.8095   32.5708   21.1297   15.7274   12.7889
sheet673.gup   19.3459   55.3100   41.2041   17.4226   17.0814   14.1287
sheet773.gup   18.8026   59.9380   50.2070   18.4249   10.1646   13.2392
sheet004.gup   28.9606    1.5674   57.9837   14.2209    7.2674   11.2228
sheet104.gup   29.0380   61.3673   60.4146   15.6664   14.4543   23.3330
sheet204.gup   27.1066   61.3666   15.0190   16.4244   15.9756   16.1068
sheet304.gup   26.0846   61.4589   26.3948   18.0640   11.2360   11.1725
sheet404.gup   27.0885   61.0579   30.0872   16.1141   15.3322   10.0787
sheet504.gup   30.2594    1.4030   35.1446   12.6292   12.5723   12.5514
sheet604.gup   29.1494    1.2731   42.0325   12.9375   15.4549   13.6280
sheet704.gup   29.8438    2.6532   50.3142   13.4797   13.1047   13.0808
sheet014.gup   28.7836    3.3104   54.6439   15.0724   14.1366   18.3986
sheet114.gup   31.1041    7.4286    2.0929   13.3471   11.8350   19.6307
sheet214.gup   29.3158    7.7281   15.3744   14.8170   12.9788   13.0411
sheet314.gup   26.5960    4.1782   22.2335   13.5749   17.9491   15.6670
sheet414.gup   27.1570    3.3531   32.1437   14.4590   17.2813    9.3841
sheet514.gup   28.8671    7.2126   34.9331   12.2586   12.5185   16.5262
sheet614.gup   29.7590    9.5323   44.1263   13.2324    8.7251   11.2652
sheet714.gup   28.8943    4.7075   48.5784   14.8795   12.9876   13.7093
sheet024.gup   29.8862   12.8265   53.9847   16.7152    9.3678   18.9576
sheet124.gup   31.0455   13.9612    4.6851   15.3959    8.5571   17.7763
sheet224.gup   32.5720   15.5852   15.5701   10.6509    6.2304   17.6297
sheet324.gup   28.5471   15.0924   22.5836   11.8954    9.8674   15.3001
sheet424.gup   27.9177   14.8028   31.3716    9.3433    9.5160   10.3282
sheet524.gup   28.6263   16.2766   34.0229   13.1969    6.1981   17.9140
sheet624.gup   31.4062   14.1092   44.7862   14.9047    8.9195    9.1544
sheet724.gup   29.9358   11.7490   46.3949   15.4920   12.2962   13.5696
sheet034.gup   31.6485   18.8113   50.4338   13.4084    9.1008   23.0187
sheet134.gup   29.2334   19.1484    5.3600   13.4732    9.9579   17.6711
sheet234.gup   29.4115   18.0849   18.0678   12.6353   10.7783   14.6543
sheet334.gup   30.0849   19.3647   26.1624   10.5020    8.6520    9.4153
sheet434.gup   28.6305   17.8431   30.9606    8.1410    9.5058    8.3201
sheet534.gup   28.9563   17.9977   35.8856   12.3722    9.9417   16.0751
sheet634.gup   34.1783   18.1020   44.3557   11.7806    8.1539    8.9771
sheet734.gup   34.5630   19.8523   49.4378   10.4296    6.2357    9.3323
sheet044.gup   31.3974   20.7684   50.6582   12.7190   16.8283   22.5036
sheet144.gup   26.9072   24.7871    5.8105   15.8589   12.4724   16.0191
sheet244.gup   27.6015   24.1271   16.6068   13.4184   16.5995   15.6513
sheet344.gup   26.6046   22.3785   28.6780   14.9618   22.6966    6.1166
sheet444.gup   24.2206   22.2133   29.8237   16.7360   22.8635    9.4388
sheet544.gup   25.6705   19.1551   33.6596   20.3727   24.7353   16.9384
sheet644.gup   31.2971   19.1197   40.0931   13.4797   23.5695   14.0363
sheet744.gup   35.2177   20.3041   49.1566    9.8197   18.3412   11.2206
sheet054.gup   33.1453   33.1019   56.9632   11.7350   17.9532   16.6526
sheet154.gup   28.8675   33.8658    5.7492   12.7665   17.6776   16.6345
sheet254.gup   28.5210   35.4084   17.2358   13.5414   16.7492   17.5898
sheet354.gup   29.4427   37.3718   28.9649   12.5760   16.2248    6.3270
sheet454.gup   25.6817   35.6545   30.4024   16.3969   19.3717    8.4012
sheet554.gup   27.2700   33.1829   31.9877   23.1390   22.3655   14.7782
sheet654.gup   32.8760   31.9359   39.8867   17.4407   21.6253   12.6632
sheet754.gup   34.9160   32.1578   49.0299   10.8243   18.1752   12.7104
sheet064.gup   33.3185   46.5709   58.8250    9.4618   21.3288   14.1928
sheet164.gup   30.3683   47.8184    5.9983   12.9036   13.7206   14.2831
sheet264.gup   30.1340   47.4615   14.8829   13.0335   11.5757   19.8939
sheet364.gup   30.1384   44.4892   26.3158   12.6429   13.9080   10.2402
sheet464.gup   30.6919   43.5897   32.5077   11.0375   12.9348    3.6982
sheet564.gup   34.1807   46.8267   32.7398    9.9422   11.3189   12.1007
sheet664.gup   33.2165   45.7330   41.8397   13.1079   14.6566   10.1991
sheet764.gup   32.8551   45.6666   48.1134   13.8681   21.9460   16.6213
sheet074.gup   32.3738   58.0921   60.6109    8.4027   10.6212   10.3918
sheet174.gup   26.8329   55.9230   61.2277   16.6340   11.2054   21.7424
sheet274.gup   26.8741   53.7697   14.4774   17.3100   12.7263   19.8739
sheet374.gup   28.6565   52.7025   28.1954   15.7971   12.9488    8.4277
sheet474.gup   30.3551   50.5189   30.4705   12.8572   16.8110    7.5271
sheet574.gup   30.1375   51.1892   33.2689   12.4975   18.8049   11.5673
sheet674.gup   30.6467   55.9730   41.9009   12.4140   15.8791   13.3697
sheet774.gup   30.4660   56.7831   48.1989   14.7548   13.0669   16.6457
sheet005.gup   32.6809   62.4081   55.8342   20.8549   13.5835   16.4137
sheet105.gup   38.8802   61.2173    1.4121   15.0899   14.9836   15.6605
sheet205.gup   37.9324   61.2775   11.5688   15.5907   16.4393   20.3307
sheet305.gup   37.0433   59.8860   26.5875   15.4414   14.5099   11.3612
sheet405.gup   38.8487   60.1898   33.5184   10.2674   10.7936    5.1076
sheet505.gup   36.4866   60.8190   33.4909   12.5671   15.4800   14.5551
sheet605.gup   36.9256    1.7486   42.2589   12.8821   15.8082   14.4625
sheet705.gup   33.1688    3.1684   51.8311   17.6350   12.6135   11.6027
sheet015.gup   38.4554    6.6876   54.7720   14.5806   12.0469   17.9148
sheet115.gup   41.1093    8.1297    4.5349   12.1522   10.1670   14.0378
sheet215.gup   38.1015    8.3805   13.2648   11.4751   11.4534   14.7951
sheet315.gup   35.2383    2.8942   22.1718   15.9404   16.9453   15.6158
sheet415.gup   34.3149    2.5825   31.3681   17.2010   16.9746   10.9967
sheet515.gup   35.5466    4.7633   36.5671   12.8863   13.8006   16.4817
sheet615.gup   36.8533   11.1268   44.5579   10.7182    7.7441   10.8549
sheet715.gup   38.4985    8.2626   50.3706   12.8583   10.9971   11.1181
sheet025.gup   41.1588   12.6941   52.7165   10.3395    8.2319   18.4702
sheet125.gup   38.6215   12.6019    3.9387   15.3183    8.7344   15.3249
sheet225.gup   35.8330   14.1293   12.9782   15.1857    9.8519   16.1448
sheet325.gup   34.4245   15.5026   22.1175   15.6994    9.5143   15.0027
sheet425.gup   33.1399   13.2208   27.8948   16.9405   10.0722   16.9537
sheet525.gup   33.7621   14.2071   36.0585   13.4641    8.4308   16.2936
sheet625.gup   36.8980   13.7441   48.0811   13.5538   10.5945    7.8359
sheet725.gup   39.7125   13.3108   48.9580   11.2003   10.7118   12.0480
sheet035.gup   40.0623   16.0154   51.1341   10.8303   11.7495   21.7116
sheet135.gup   38.2570   16.4984    3.9933   12.3901   15.6735   16.8544
sheet235.gup   36.5221   18.1805   14.6209   13.0161   14.0883   15.5041
sheet335.gup   34.3174   19.7935   25.5028   12.2126   11.0474    8.5145
sheet435.gup   33.7108   18.1307   27.4564   15.1548   11.1186   14.6043
sheet535.gup   33.3328   18.1545   36.1198   15.4985   11.0543   16.6468
sheet635.gup   38.1547   17.3919   48.3977   11.9831    8.3017    7.3266
sheet735.gup   38.1895   17.4207   49.7755   12.8292    9.7434   10.0402
sheet045.gup   38.2377   21.9023   52.0951   11.1081   18.1177   22.4190
sheet145.gup   38.6178   24.5109    5.5924   10.8970   13.8199   14.1879
sheet245.gup   37.1108   24.2029   15.7416   12.6566   16.3867   15.9450
sheet345.gup   34.6041   22.3187   24.6083   13.0340   21.9443    9.2144
sheet445.gup   34.5059   22.2020   29.0981   15.1269   24.4083   12.3163
sheet545.gup   35.4061   21.6859   36.4241   15.6177   24.1527   14.7413
sheet645.gup   39.9151   18.6810   44.3098   10.8723   27.6797   10.1608
sheet745.gup   40.2476   20.4711   49.9195   10.0278   18.2734    8.2661
sheet055.gup   39.0966   33.0276   55.8928   12.9050   17.8287   16.8549
sheet155.gup   38.4841   30.4887    4.0243   11.1710   20.9861   15.1781
sheet255.gup   37.0577   29.7371   16.4997   12.2087   21.4275   18.3306
sheet355.gup   37.6913   38.0366   27.5886    9.5990   13.6997    7.4587
sheet455.gup   38.7264   38.8322   30.0334   10.3532   13.1583   13.1507
sheet555.gup   39.9015   41.7132   33.6416   10.8759    9.9802   13.3350
sheet655.gup   42.2662   33.7959   43.2657    9.0773   16.8042    9.8624
sheet755.gup   40.7372   29.0763   47.3984   11.3560   22.2708   13.8808
sheet065.gup   37.8797   45.3241   57.0080   14.5944   18.4599   16.0411
sheet165.gup   38.9838   47.9451    4.9825   14.8823   14.8421   13.6705
sheet265.gup   38.5680   46.7471   14.5487   13.7036   14.2164   20.3354
sheet365.gup   37.8134   46.8980   27.0965   12.5428   11.7268    8.6978
sheet465.gup   37.8368   47.3598   31.2399   13.5618   11.4288    9.0017
sheet565.gup   38.2422   43.4590   32.8787   18.4698   13.9518   13.5666
sheet665.gup   38.6655   43.4769   41.7157   15.0190   14.6807   12.5420
sheet765.gup   40.2642   45.9217   49.0231   12.5470   15.4898   14.5837
sheet075.gup   33.0115   57.3792   60.2634   20.1637   11.0669   12.5561
sheet175.gup   39.1023   57.5961    3.7506   15.7261    7.8314   13.3080
sheet275.gup   37.9315   54.6072   11.4426   16.8277    9.8827   21.6502
sheet375.gup   38.6335   52.8241   28.3790   14.4060   12.9101    8.0654
sheet475.gup   38.1216   51.9153   31.4905   13.1287   15.1890    6.1589
sheet575.gup   36.8709   52.2171   33.0307   20.3587   15.1203   12.7822
sheet675.gup   37.2030   50.5832   40.9289   16.9157   17.5722   14.6620
sheet775.gup   33.3634   49.9762   50.6994   17.7855   19.4081   13.7885
sheet006.gup   48.2578   62.4737   59.4000   12.4886   14.3131   14.0023
sheet106.gup   48.6700   60.3023    4.5293   16.9748   15.9007   12.8747
sheet206.gup   48.2006   60.4471   11.4877   14.8581   12.9448   19.4219
sheet306.gup   46.3716   59.1403   23.0243   14.9498   13.6009   13.7376
sheet406.gup   43.2139   59.1941   31.7058   18.4044   13.8686    6.2596
sheet506.gup   42.8224   58.9588   33.4189   17.7686   17.1245   14.4391
sheet606.gup   44.5892   62.4843   41.9270   11.8144   14.9010   15.9073
sheet706.gup   44.9383    2.7462   52.4858   13.6738   12.4107   11.2910
sheet016.gup   47.7767    7.0472   59.3383   14.6497    9.7943   12.4063
sheet116.gup   45.6867    5.7861    5.2873   21.1324   11.1924   10.6468
sheet216.gup   43.0358    5.5505   11.4672   20.1364   11.7896   16.5772
sheet316.gup   43.5834    6.7227   22.9943   19.7817   10.7656   13.0256
sheet416.gup   43.2158    3.1267   30.3970   15.1865   13.7801   11.9963
sheet516.gup   43.5858    5.1912   35.2125   14.3666   13.5382   14.8896
sheet616.gup   41.5483    7.9850   43.7407   14.6018   13.6450   14.0454
sheet716.gup   44.9922    9.7783   52.4144   13.5327   10.8176   10.3458
sheet026.gup   46.4794   10.8849   52.3939    9.1702   10.4675   21.3975
sheet126.gup   46.8468   11.0077    4.9360   11.7411    8.3112   10.9936
sheet226.gup   42.4265   13.6116   11.6197   17.1771   10.0061   17.2804
sheet326.gup   42.5625   12.9059   24.3123   16.3012   12.1117   11.4393
sheet426.gup   45.8434   13.2799   29.5792   14.3175    9.0415   13.7197
sheet526.gup   40.9530   14.5352   35.7924   19.1507    8.2245   19.6630
sheet626.gup   41.5744   14.7400   46.7250   16.3098    7.0574    9.8756
sheet726.gup   45.3605   12.5043   50.2101    9.4685    9.4556   12.1991
sheet036.gup   45.0263   15.6476   50.9040   10.8040   13.0492   21.4301
sheet136.gup   46.1901   14.2261    6.5605    9.1450   18.3719   12.8344
sheet236.gup   42.2417   16.0032   12.6685   14.9168   16.4672   16.7165
sheet336.gup   42.4677   17.5017   24.2937   14.6507   10.9773   12.3583
sheet436.gup   43.7128   17.4868   28.1716   16.8414   13.1880   13.5858
sheet536.gup   41.2125   18.0917   35.9315   19.4631   12.3813   18.7574
sheet636.gup   42.0306   17.1599   45.9496   16.7225   13.0706   11.1747
sheet736.gup   40.8337   16.6800   50.6830   13.8633   12.1094    7.3783
sheet046.gup   44.9916   22.1219   54.1307   11.6132   18.5835   21.0050
sheet146.gup   45.9710   24.1717    5.4631    8.7848   15.0053   14.5001
sheet246.gup   43.4280   24.0225   16.7204   12.8688   14.4980   10.7189
sheet346.gup   41.8740   23.4000   22.3590   14.6185   18.6504   14.2234
sheet446.gup   43.1827   25.2035   30.3061   14.3421   17.9418   13.0706
sheet546.gup   44.6714   24.6461   37.8886   14.1472   21.4192   11.6367
sheet646.gup   44.4062   18.6984   44.0025   14.5363   28.1364    9.8170
sheet746.gup   41.4343   20.2222   48.1855   13.4644   19.8179    9.9491
sheet056.gup   46.5258   37.1080   55.0957   11.4480   13.9610   16.3950
sheet156.gup   45.9754   29.5674    4.1505   12.9785   23.2435   15.3969
sheet256.gup   42.9589   29.4276   16.3272   15.6571   26.5396   13.5778
sheet356.gup   39.2626   37.5843   23.7182   22.0117   20.9848   14.1221
sheet456.gup   41.6371   39.2346   31.6069   23.6352   18.5703   11.9006
sheet556.gup   46.8677   39.3641   38.8052   18.0528   15.9718    8.2587
sheet656.gup   46.9648   35.6301   41.6307    9.3930   14.2376   10.7632
sheet756.gup   47.9472   35.6322   45.1416    6.5582   16.2271   16.7366
sheet066.gup   47.6585   47.0499   56.8832    9.7361   17.0175   20.4674
sheet166.gup   46.3443   47.6561    5.0215   12.7380   16.3834   14.3922
sheet266.gup   44.6278   47.5664   11.0834   14.7281   15.8388   21.8805
sheet366.gup   39.4840   47.7517   26.5159   21.8360   12.4267   10.9540
sheet466.gup   42.5077   49.0636   31.3552   22.8817   10.5962    9.9819
sheet566.gup   46.8257   44.2633   35.9632   16.8808   12.4974    9.5257
sheet666.gup   48.1239   43.4665   40.2569   11.2772   11.0173   13.1008
sheet766.gup   46.8043   47.0162   48.3948   11.2450   14.4922   14.4520
sheet076.gup   48.4173   57.2858   61.0664    9.4384   13.7282   15.9918
sheet176.gup   50.2661   59.7555    6.0130    7.5884    6.4879   13.2128
sheet276.gup   49.6408   56.4565   11.0555   10.2211    9.0171   22.8554
sheet376.gup   46.6112   55.7047   27.4096   12.7763    6.6356    8.9266
sheet476.gup   45.4136   54.1083   31.6275   16.4609    9.2623    7.8999
sheet576.gup   45.8442   52.5587   33.5419   15.6265   13.8046   10.7707
sheet676.gup   46.4167   50.0049   40.2927   11.8503   17.6289   16.4197
sheet776.gup   46.2292   50.4197   49.1362   11.8243   20.5688   14.5994
sheet007.gup   54.2750    2.3500   60.2071   14.4773    9.2104   13.7778
sheet107.gup   53.0666    1.7022    5.3613   17.7958    8.8119   16.7478
sheet207.gup   54.6528   61.3542   10.4180   16.9610   11.3995   19.5092
sheet307.gup   53.9061   59.2332   17.6694   15.9996   13.8135   17.2728
sheet407.gup   52.1647   58.4517   30.4706   12.8685   14.3659    6.5973
sheet507.gup   51.1674   57.6692   33.3401   12.0891   16.2449   12.0243
sheet607.gup   51.1752   55.4863   41.1434   13.0663   20.8523   19.0421
sheet707.gup   54.0072   61.8421   52.6366   14.5960   13.7668   19.3858
sheet017.gup   50.2800    7.3874   59.0735   19.0575    7.3351   13.4800
sheet117.gup   52.2528    6.4069    5.3439   16.4285    9.7997   11.7866
sheet217.gup   56.3460    4.3294   11.2516   14.7724   10.9885   15.8977
sheet317.gup   55.7733    5.2168   17.6686   13.6581   10.0779   17.7516
sheet417.gup   54.3200    5.9380   29.4496   10.0658   13.7263   10.4312
sheet517.gup   51.3388    5.6551   35.1310   13.6123   14.1382   13.6368
sheet617.gup   51.1237    8.2690   41.5430   13.8642   11.5628   18.2668
sheet717.gup   50.5113    7.6631   52.9700   18.1046   10.1024   19.0658
sheet027.gup   47.7697    7.4253   52.8023   20.5480   12.8964   23.0134
sheet127.gup   52.0009    7.4717    5.3383   16.9542   10.8457   13.1027
sheet227.gup   52.5228    9.9748   11.3193   16.4466   11.0226   17.2633
sheet327.gup   52.5961    9.8373   19.6772   12.7960   10.5377   18.4336
sheet427.gup   54.7948   13.0689   29.4372    8.6330    8.9122   12.9308
sheet527.gup   50.5495   14.2161   35.9661   14.5950    9.4495   16.9560
sheet627.gup   45.6793   14.7153   41.1566   19.4286    8.1256   15.5062
sheet727.gup   45.3650    8.3777   49.5117   17.5481   13.5599   16.9028
sheet037.gup   47.7577   12.5287   52.7498   19.3083   16.5031   20.3468
sheet137.gup   50.4452   10.8114    6.2969   18.1012   18.2313   13.5446
sheet237.gup   50.0158   13.8054   14.6708   18.8257   15.3128   13.0854
sheet337.gup   49.7930   15.8857   17.8234   18.2059   16.5597   21.2484
sheet437.gup   52.5600   17.7853   33.3157   13.4326   14.7229   10.9066
sheet537.gup   52.2354   18.4076   36.1760   12.5296   12.6509   14.0286
sheet637.gup   46.4203   17.6858   40.1575   18.5946   13.1502   16.9344
sheet737.gup   46.0517   15.2629   47.5402   15.3299   15.2716   14.9440
sheet047.gup   50.9853   23.9174   55.2259   14.2736   16.5275   16.4431
sheet147.gup   50.4385   23.7593    5.5694   18.9493   17.0303   15.0365
sheet247.gup   50.3665   24.1175   17.5907   21.2708   17.5369    8.0107
sheet347.gup   51.6316   24.5948   22.1058   19.4108   18.5060   16.1993
sheet447.gup   52.1995   23.2686   33.7382   16.7151   24.1324   10.3341
sheet547.gup   53.6970   24.7676   38.9736   13.8186   20.3464    8.2405
sheet647.gup   50.7589   25.9466   40.7474   12.4508   16.0868   10.3103
sheet747.gup   49.7033   25.3726   46.8765   11.2166   13.6066   14.8280
sheet057.gup   50.7395   35.7544   57.0248   13.2817   15.9600   15.2478
sheet157.gup   52.8628   35.4763    4.1206   13.5849   17.4129   16.4709
sheet257.gup   53.1532   35.7810   16.1899   17.9213   18.9579   14.2977
sheet357.gup   52.7509   37.5850   23.1276   18.8166   20.7549   17.3705
sheet457.gup   53.9112   38.3424   34.3082   15.7241   18.5732    9.1763
sheet557.gup   52.4526   38.8565   34.5809   17.2341   15.1356   10.2747
sheet657.gup   47.2026   33.5046   36.5742   21.3718   21.5956   14.5407
sheet757.gup   49.7000   33.7662   43.2288   13.1790   21.1568   23.1731
sheet067.gup   52.1189   48.4430   58.9357   13.1518   14.4765   14.8304
sheet167.gup   51.0490   48.4175    4.0859   13.0827   16.2488   16.2598
sheet267.gup   54.0398   48.8480   15.4133   12.7702   14.7254   16.7939
sheet367.gup   52.5495   50.1103   26.6397   15.4639   10.9513   13.3342
sheet467.gup   55.6135   46.5628   33.5752   12.6839   11.7503    7.9059
sheet567.gup   54.3264   46.4709   34.6394   15.1725    9.6132    7.5489
sheet667.gup   51.3637   47.8628   35.7733   17.8152    9.4538   15.7365
sheet767.gup   50.7586   48.0172   42.8053   15.6986   12.9554   21.9821
sheet077.gup   52.0234   57.2616   61.2669   16.1402   15.2066   13.5253
sheet177.gup   51.3961   59.2815    5.2725   17.6484   13.1997   15.2888
sheet277.gup   55.3071   57.1382   13.2007   16.1311   13.3269   18.7955
sheet377.gup   51.5457   54.3032   25.3413   15.9972   11.2917   11.7586
sheet477.gup   55.2785   48.1611   32.6059   12.2218   14.3041    8.7779
sheet577.gup   54.2185   49.0542   33.4503   13.3799   15.1879   12.4745
sheet677.gup   54.7064   49.0673   36.2635   12.3594   17.2304   18.7725
sheet777.gup   52.9424   53.7428   46.3354   13.8642   17.1269   19.1491
